0 0.134375 0.22265625 0.05 0.1046875
0 0.240625 0.25 0.04375 0.06875
0 0.35390625 0.2546875 0.0359375 0.084375
0 0.47421875 0.26171875 0.0546875 0.0828125
0 0.58203125 0.24765625 0.0390625 0.0703125
0 0.68515625 0.26015625 0.0421875 0.0796875
0 0.790625 0.27109375 0.053125 0.0921875
0 0.16328125 0.584375 0.0421875 0.078125
0 0.190625 0.503125 0.04375 0.084375
0 0.27734375 0.43125 0.0453125 0.078125
0 0.3203125 0.5953125 0.046875 0.078125
0 0.34453125 0.4921875 0.0390625 0.08125
0 0.39609375 0.4234375 0.0328125 0.0875
0 0.440625 0.52265625 0.0375 0.0921875
0 0.4640625 0.59140625 0.04375 0.0953125
0 0.50078125 0.4265625 0.0421875 0.075
0 0.5140625 0.70234375 0.04375 0.0703125
0 0.540625 0.4984375 0.05 0.08125
0 0.60546875 0.43125 0.0421875 0.08125
0 0.6140625 0.6109375 0.034375 0.075
0 0.66328125 0.5265625 0.0359375 0.0875
0 0.7203125 0.45078125 0.0375 0.0796875
0 0.73671875 0.61328125 0.0421875 0.0984375
0 0.753125 0.53828125 0.053125 0.0765625
