0 0.18984375 0.109375 0.0421875 0.103125
0 0.1890625 0.2640625 0.05 0.10625
0 0.20546875 0.45625 0.0578125 0.13125
0 0.303125 0.47421875 0.053125 0.1296875
0 0.284375 0.26953125 0.040625 0.1171875
0 0.2859375 0.14609375 0.046875 0.0984375
0 0.390625 0.10390625 0.0375 0.1171875
0 0.3765625 0.259375 0.053125 0.109375
0 0.41796875 0.4953125 0.0671875 0.128125
0 0.528125 0.49609375 0.0625 0.1453125
0 0.49453125 0.2109375 0.0390625 0.109375
0 0.48828125 0.0921875 0.0390625 0.103125
0 0.590625 0.12578125 0.034375 0.1015625
0 0.61796875 0.2921875 0.0484375 0.109375
0 0.65078125 0.51328125 0.0515625 0.1328125
0 0.79375 0.4515625 0.059375 0.134375
0 0.82734375 0.23359375 0.0515625 0.1265625
0 0.725 0.2578125 0.04375 0.103125
0 0.66953125 0.07890625 0.0359375 0.1171875
0 0.77734375 0.10078125 0.0390625 0.1046875
