0 0.0640625 0.409375 0.028125 0.059375
0 0.12109375 0.4171875 0.0390625 0.059375
0 0.1765625 0.40703125 0.028125 0.0515625
0 0.15625 0.5671875 0.03125 0.0625
0 0.228125 0.5515625 0.034375 0.065625
0 0.23515625 0.40234375 0.0328125 0.0609375
0 0.2796875 0.4078125 0.025 0.071875
0 0.31171875 0.5625 0.0296875 0.053125
0 0.340625 0.40546875 0.03125 0.0671875
0 0.38671875 0.39375 0.0328125 0.046875
0 0.3859375 0.54765625 0.03125 0.0578125
0 0.46640625 0.55703125 0.0265625 0.0484375
0 0.44296875 0.40390625 0.0328125 0.0515625
0 0.49765625 0.3875 0.0296875 0.059375
0 0.54140625 0.41796875 0.0359375 0.0484375
0 0.53828125 0.54453125 0.0359375 0.0515625
0 0.6 0.54765625 0.0375 0.0640625
0 0.6 0.40625 0.028125 0.05
0 0.6484375 0.41640625 0.025 0.0546875
0 0.69375 0.415625 0.025 0.053125
0 0.66640625 0.53671875 0.0265625 0.0640625
0 0.74140625 0.415625 0.0296875 0.06875
0 0.728125 0.5421875 0.034375 0.0625
0 0.8046875 0.5390625 0.034375 0.034375
0 0.79765625 0.41328125 0.0328125 0.0765625
0 0.85859375 0.4 0.0390625 0.04375
0 0.86953125 0.55 0.0421875 0.0625
0 0.92578125 0.409375 0.0265625 0.0625
