0 0.15546875 0.13984375 0.0578125 0.1203125
0 0.153125 0.28984375 0.06875 0.1109375
0 0.26171875 0.17578125 0.0640625 0.1140625
0 0.3296875 0.1421875 0.0625 0.109375
0 0.32734375 0.30859375 0.0609375 0.0890625
0 0.421875 0.19296875 0.06875 0.1171875
0 0.509375 0.128125 0.08125 0.103125
0 0.7 0.12890625 0.05625 0.0953125
0 0.52578125 0.29453125 0.0640625 0.0953125
0 0.59921875 0.19921875 0.0703125 0.1296875
0 0.69140625 0.2953125 0.0671875 0.096875
0 0.759375 0.18359375 0.06875 0.0984375
0 0.86875 0.14609375 0.071875 0.1234375
0 0.85859375 0.3015625 0.0734375 0.115625
