0 0.1171875 0.13515625 0.0625 0.1390625
0 0.165625 0.41640625 0.059375 0.1578125
0 0.28984375 0.35078125 0.0640625 0.1484375
0 0.23828125 0.175 0.0578125 0.11875
0 0.33125 0.13984375 0.065625 0.1203125
0 0.40078125 0.35546875 0.0609375 0.1421875
0 0.45703125 0.1578125 0.0546875 0.140625
0 0.52109375 0.31953125 0.0546875 0.1484375
0 0.596875 0.140625 0.0625 0.121875
0 0.66796875 0.4359375 0.0671875 0.134375
0 0.7421875 0.11953125 0.06875 0.1359375
0 0.7703125 0.38515625 0.075 0.1421875
0 0.86640625 0.109375 0.0734375 0.134375
0 0.8953125 0.3796875 0.071875 0.15
