0 0.1171875 0.34375 0.046875 0.1125
0 0.2171875 0.4 0.03125 0.09375
0 0.24140625 0.34453125 0.0359375 0.0796875
0 0.2859375 0.38203125 0.0375 0.1015625
0 0.33515625 0.39453125 0.0359375 0.0859375
0 0.3359375 0.334375 0.03125 0.075
0 0.38984375 0.4125 0.0421875 0.103125
0 0.41484375 0.3265625 0.0421875 0.084375
0 0.46640625 0.43671875 0.0484375 0.1078125
0 0.46640625 0.33984375 0.0421875 0.0890625
0 0.5203125 0.365625 0.053125 0.128125
0 0.5671875 0.29140625 0.04375 0.1171875
0 0.6 0.3421875 0.05 0.10625
0 0.659375 0.29609375 0.053125 0.1265625
0 0.71796875 0.32421875 0.0578125 0.1640625
0 0.76796875 0.2859375 0.0578125 0.159375
0 0.81875 0.3046875 0.065625 0.171875
