0 0.11953125 0.3984375 0.0953125 0.09375
0 0.2640625 0.3890625 0.059375 0.08125
0 0.3328125 0.26953125 0.059375 0.0984375
0 0.371875 0.38984375 0.05625 0.0984375
0 0.134375 0.5828125 0.071875 0.096875
0 0.2640625 0.57109375 0.065625 0.0890625
0 0.3765625 0.5828125 0.05625 0.075
0 0.496875 0.39140625 0.06875 0.0890625
0 0.4734375 0.59453125 0.0625 0.0921875
0 0.59296875 0.60078125 0.0578125 0.0859375
0 0.62421875 0.4 0.0609375 0.090625
0 0.71640625 0.5875 0.0578125 0.078125
0 0.7765625 0.384375 0.06875 0.096875
0 0.69296875 0.28046875 0.0546875 0.0953125
0 0.90625 0.36171875 0.075 0.0890625
0 0.859375 0.5765625 0.059375 0.090625
