0 0.08125 0.22421875 0.05625 0.1078125
0 0.17109375 0.26640625 0.0515625 0.0828125
0 0.15390625 0.4765625 0.0453125 0.10625
0 0.2484375 0.46171875 0.046875 0.0984375
0 0.2765625 0.28125 0.053125 0.090625
0 0.3078125 0.178125 0.04375 0.090625
0 0.35546875 0.46015625 0.0484375 0.0828125
0 0.3734375 0.28359375 0.05 0.0859375
0 0.40625 0.19296875 0.053125 0.1015625
0 0.50625 0.28203125 0.053125 0.0796875
0 0.471875 0.4546875 0.053125 0.084375
0 0.62109375 0.4609375 0.0546875 0.0875
0 0.60625 0.278125 0.05 0.09375
0 0.53359375 0.17265625 0.0484375 0.0796875
0 0.67578125 0.18359375 0.0515625 0.0859375
0 0.72578125 0.28828125 0.0421875 0.0953125
0 0.74375 0.46484375 0.053125 0.0734375
0 0.865625 0.44609375 0.059375 0.0796875
0 0.83828125 0.25859375 0.0484375 0.0828125
0 0.77890625 0.18671875 0.0390625 0.0828125
0 0.91796875 0.3265625 0.0359375 0.078125
