0 0.16640625 0.36875 0.0546875 0.09375
0 0.23046875 0.34765625 0.0359375 0.0796875
0 0.28359375 0.5171875 0.0484375 0.084375
0 0.378125 0.50234375 0.065625 0.0796875
0 0.31875 0.33125 0.05 0.09375
0 0.40703125 0.33359375 0.0359375 0.0890625
0 0.4984375 0.31875 0.05 0.090625
0 0.4796875 0.50625 0.04375 0.1
0 0.5734375 0.50703125 0.046875 0.0890625
0 0.58984375 0.3265625 0.0484375 0.08125
0 0.684375 0.32265625 0.0625 0.0890625
0 0.77578125 0.33125 0.0515625 0.08125
0 0.8640625 0.3703125 0.05625 0.059375
0 0.65625 0.51796875 0.059375 0.0828125
0 0.7234375 0.51328125 0.053125 0.0828125
0 0.5921875 0.65859375 0.05625 0.0859375
