0 0.18203125 0.21953125 0.0640625 0.0859375
0 0.22265625 0.1515625 0.0609375 0.0875
0 0.2578125 0.07734375 0.06875 0.0953125
0 0.378125 0.12578125 0.059375 0.0921875
0 0.3578125 0.28671875 0.05625 0.0828125
0 0.4515625 0.25703125 0.05625 0.0640625
0 0.51484375 0.28984375 0.0890625 0.1109375
0 0.45859375 0.1046875 0.0703125 0.084375
0 0.54296875 0.109375 0.0734375 0.0875
0 0.58828125 0.20625 0.0546875 0.084375
0 0.64296875 0.09140625 0.0640625 0.0765625
0 0.6890625 0.1703125 0.06875 0.096875
0 0.73515625 0.103125 0.0609375 0.09375
0 0.77265625 0.20859375 0.0765625 0.1171875
