0 0.30546875 0.1734375 0.0515625 0.09375
0 0.234375 0.33984375 0.0625 0.0921875
0 0.1984375 0.56484375 0.059375 0.1046875
0 0.34140625 0.51796875 0.0671875 0.0953125
0 0.4609375 0.36171875 0.06875 0.0921875
0 0.46328125 0.1375 0.0484375 0.090625
0 0.584375 0.1578125 0.05 0.096875
0 0.61953125 0.346875 0.0546875 0.11875
0 0.5328125 0.45703125 0.053125 0.0734375
0 0.62109375 0.5703125 0.0640625 0.08125
0 0.7140625 0.490625 0.046875 0.071875
0 0.78359375 0.334375 0.0484375 0.096875
0 0.72109375 0.20078125 0.0609375 0.0859375
0 0.8546875 0.4703125 0.05625 0.084375
