0 0.13515625 0.275 0.05078125 0.10078125
0 0.21640625 0.2546875 0.04765625 0.09921875
0 0.315625 0.228125 0.0515625 0.0859375
0 0.43359375 0.21953125 0.065625 0.08203125
0 0.5453125 0.2203125 0.05078125 0.07421875
0 0.65859375 0.2421875 0.053125 0.08671875
0 0.76875 0.2484375 0.0515625 0.09140625
0 0.83046875 0.28828125 0.07421875 0.10546875
0 0.271875 0.37578125 0.07421875 0.09375
0 0.39609375 0.378125 0.065625 0.07578125
0 0.5296875 0.371875 0.06328125 0.10234375
0 0.69140625 0.3625 0.05703125 0.10234375