0 0.11171875 0.34453125 0.0390625 0.09375
0 0.21640625 0.3984375 0.03125 0.0984375
0 0.2421875 0.3421875 0.03515625 0.078125
0 0.28046875 0.38828125 0.0375 0.0859375
0 0.340625 0.41015625 0.034375 0.08515625
0 0.33046875 0.33046875 0.03203125 0.0703125
0 0.3875 0.425 0.03828125 0.090625
0 0.41328125 0.334375 0.0375 0.06640625
0 0.465625 0.44140625 0.0328125 0.0921875
0 0.46171875 0.34375 0.03125 0.08515625
0 0.51796875 0.3765625 0.03515625 0.11015625
0 0.60078125 0.35234375 0.0390625 0.10625
0 0.55703125 0.28671875 0.0453125 0.10703125
0 0.65078125 0.30546875 0.05078125 0.08515625
0 0.70625 0.3359375 0.05078125 0.1265625
0 0.75859375 0.30546875 0.04765625 0.10078125
0 0.8015625 0.32734375 0.0515625 0.128125