0 0.15078125 0.14296875 0.05 0.0859375
0 0.153125 0.2859375 0.0515625 0.08125
0 0.33125 0.31484375 0.04921875 0.08984375
0 0.25625 0.18359375 0.053125 0.10546875
0 0.3265625 0.14453125 0.05 0.0796875
0 0.41953125 0.20546875 0.05703125 0.09296875
0 0.51171875 0.146875 0.046875 0.06796875
0 0.59453125 0.20078125 0.05546875 0.08828125
0 0.515625 0.29296875 0.04765625 0.09453125
0 0.690625 0.2921875 0.04296875 0.090625
0 0.696875 0.13671875 0.0515625 0.07734375
0 0.75390625 0.203125 0.04921875 0.1078125
0 0.86796875 0.14375 0.05546875 0.09921875
0 0.8546875 0.3 0.0546875 0.09921875