0 0.2109375 0.25625 0.04453125 0.09140625
0 0.1984375 0.39609375 0.03984375 0.08046875
0 0.321875 0.41171875 0.03515625 0.07578125
0 0.3265625 0.28359375 0.04140625 0.06875
0 0.39765625 0.39296875 0.04140625 0.0796875
0 0.43671875 0.3109375 0.04140625 0.07734375
0 0.54140625 0.36796875 0.04453125 0.090625
0 0.53515625 0.271875 0.03671875 0.06953125
0 0.64140625 0.309375 0.04921875 0.06484375
0 0.70546875 0.37578125 0.0484375 0.05390625
0 0.79765625 0.371875 0.04296875 0.0828125
0 0.84296875 0.33203125 0.04140625 0.08984375
0 0.8828125 0.35703125 0.04921875 0.06953125
0 0.47109375 0.4 0.0546875 0.07265625