0 0.20703125 0.3984375 0.0421875 0.0671875
0 0.24921875 0.37265625 0.04609375 0.06328125
0 0.32578125 0.365625 0.04921875 0.0671875
0 0.378125 0.35625 0.05390625 0.07265625
0 0.42734375 0.3984375 0.040625 0.0671875
0 0.48359375 0.3421875 0.03828125 0.08046875
0 0.53046875 0.396875 0.0515625 0.08515625
0 0.58203125 0.34296875 0.04375 0.078125
0 0.6359375 0.39453125 0.059375 0.0765625
0 0.721875 0.35546875 0.05078125 0.08515625
0 0.7875 0.3890625 0.0578125 0.096875
0 0.88359375 0.35078125 0.04765625 0.0765625