0 0.1734375 0.2625 0.06171875 0.0921875
0 0.24296875 0.2234375 0.06484375 0.11015625
0 0.33125 0.23203125 0.0609375 0.09921875
0 0.40390625 0.19296875 0.06015625 0.12109375
0 0.490625 0.1546875 0.08125 0.140625
0 0.24140625 0.43828125 0.07109375 0.109375
0 0.4015625 0.4421875 0.07421875 0.1453125
0 0.50859375 0.4703125 0.07109375 0.10234375
0 0.6390625 0.44609375 0.0609375 0.10390625
0 0.7671875 0.4734375 0.0609375 0.10859375
0 0.6140625 0.240625 0.05625 0.1125
0 0.69765625 0.19296875 0.06640625 0.1171875
0 0.78046875 0.28203125 0.059375 0.09765625