0 0.19375 0.54765625 0.08671875 0.134375
0 0.22578125 0.33515625 0.0828125 0.16328125
0 0.30390625 0.18125 0.0671875 0.1328125
0 0.340625 0.52578125 0.075 0.1734375
0 0.44375 0.359375 0.07421875 0.17109375
0 0.534375 0.4609375 0.05234375 0.1203125
0 0.61953125 0.56015625 0.07890625 0.16015625
0 0.71015625 0.4890625 0.0484375 0.12421875
0 0.8515625 0.4703125 0.06171875 0.115625
0 0.72421875 0.2078125 0.05390625 0.1265625
0 0.78125 0.33125 0.065625 0.13828125
0 0.61328125 0.346875 0.06953125 0.16328125
0 0.5875 0.1609375 0.071875 0.13203125
0 0.45703125 0.134375 0.090625 0.15